-4.031244291740522789e-01
-3.933783372287701363e-01
-3.838699548431290243e-01
-3.745934842229913797e-01
-3.655432689838327143e-01
-3.567137907017267073e-01
-3.480996655484525637e-01
-3.396956410086728884e-01
-3.314965926771805127e-01
-3.234975211342611123e-01
-3.156935488972665849e-01
-3.080799174465402301e-01
-3.006519843238803502e-01
-2.934052203017731286e-01
-2.863352066216685032e-01
-2.794376322996152129e-01
-2.727082914976119987e-01
-2.661430809590722979e-01
-2.597379975068384583e-01
-2.534891356022200837e-01
-2.473926849635680325e-01
-2.414449282429318722e-01
-2.356422387593843926e-01
-2.299810782876307580e-01
-2.244579949005540420e-01
-2.190696208643816423e-01
-2.138126705851890463e-01
-2.086839386054889500e-01
-2.036802976496839834e-01
-1.987986967171913311e-01
-1.940361592220765374e-01
-1.893897811780620999e-01
-1.848567294278041229e-01
-1.804342399153573140e-01
-1.761196160007750533e-01
-1.719102268158167468e-01
-1.678035056597598496e-01
-1.637969484343384796e-01
-1.598881121168542196e-01
-1.560746132705281009e-01
-1.523541265911855513e-01
-1.487243834893879346e-01
-1.451831707071463695e-01
-1.417283289683741176e-01
-1.383577516622548353e-01
-1.350693835587238323e-01
-1.318612195552789634e-01
-1.287313034543571266e-01
-1.256777267705309342e-01
-1.226986275667980714e-01
-1.197921893192538251e-01
-1.169566398094545601e-01
-1.141902500437967372e-01
-1.114913331992525153e-01
-1.088582435948191318e-01
-1.062893756880548546e-01
-1.037831630960897034e-01
-1.013380776405139461e-01
-9.895262841556198841e-02
-9.662536087902348636e-02
-9.435485596532738883e-02
-9.213972922025802370e-02
-8.997862995677571862e-02
-8.787024043142713237e-02
-8.581327504084314273e-02
-8.380647953783437742e-02
-8.184863026660631202e-02
-7.993853341662771061e-02
-7.807502429469737049e-02
-7.625696661476533134e-02
-7.448325180507553434e-02
-7.275279833220743564e-02
-7.106455104160441794e-02
-6.941748051418683563e-02
-6.781058243865749346e-02
-6.624287699911667049e-02
-6.471340827761343228e-02
-6.322124367126881472e-02
-6.176547332361553150e-02
-6.034520956980745504e-02
-5.895958639536055118e-02
-5.760775890809528149e-02
-5.628890282295843234e-02
-5.500221395941028851e-02
-5.374690775107063279e-02
-5.252221876732462991e-02
-5.132740024659682154e-02
-5.016172364100871667e-02
-4.902447817214227593e-02
-4.791497039763843030e-02
-4.683252378836638696e-02
-4.577647831590585942e-02
-4.474619005009070755e-02
-4.374103076636860765e-02
-4.276038756273729119e-02
-4.180366248602380985e-02
-4.087027216727894680e-02
-3.995964746606444490e-02
-3.907123312341614918e-02
-3.820448742327146874e-02
-3.735888186215470530e-02
-3.653390082691884005e-02
-3.572904128034726234e-02
-3.494381245442377409e-02
-3.417773555108378353e-02
-3.343034345026427850e-02
-3.270118042507452055e-02
-3.198980186391377906e-02
-3.129577399936671334e-02
-3.061867364371104183e-02
-2.995808793087623850e-02
-2.931361406469594130e-02
-2.868485907330052889e-02
-2.807143956950012773e-02
-2.747298151701193028e-02
-2.688912000238929956e-02
-2.631949901251356277e-02
-2.576377121751284235e-02
-2.522159775897555439e-02
-2.469264804332942098e-02
-2.417659954026002075e-02
-2.367313758604597251e-02
-2.318195519169080274e-02
-2.270275285573453844e-02
-2.223523838163086672e-02
-2.177912669957850558e-02
-2.133413969269815427e-02
-2.090000602744903138e-02
-2.047646098818159399e-02
-2.006324631572555667e-02
-1.966011004991478905e-02
-1.926680637595306472e-02
-1.888309547452699313e-02
-1.850874337557472868e-02
-1.814352181562129893e-02
-1.778720809859356267e-02
-1.743958496002991770e-02
-1.710044043460197047e-02
-1.676956772686738831e-02
-1.644676508517511210e-02
-1.613183567864606358e-02
-1.582458747715431019e-02
-1.552483313423552724e-02
-1.523238987285134745e-02
-1.494707937393995219e-02
-1.466872766768493284e-02
-1.439716502743613319e-02
-1.413222586621779193e-02
-1.387374863576087275e-02
-1.362157572799802506e-02
-1.337555337896110044e-02
-1.313553157502263778e-02
-1.290136396142413724e-02
-1.267290775303535691e-02
-1.245002364729020511e-02
-1.223257573924615461e-02
-1.202043143871537288e-02
-1.181346138941704975e-02
-1.161153939010161305e-02
-1.141454231759874739e-02
-1.122235005174229347e-02
-1.103484540212624002e-02
-1.085191403664716343e-02
-1.067344441178952850e-02
-1.049932770461134771e-02
-1.032945774638873229e-02
-1.016373095787886406e-02
-1.000204628616191936e-02
-9.844305143023436219e-03
-9.690411344839550481e-03
-9.540271053928442782e-03
-9.393792721332240234e-03
-9.250887030994482327e-03
-9.111466845299108844e-03
-8.975447151937768903e-03
-8.842745012073046501e-03
-8.713279509766001102e-03
-8.586971702637176407e-03
-8.463744573731005888e-03
-8.343522984554254882e-03
-8.226233629259864163e-03
-8.111804989948264225e-03
-8.000167293058899065e-03
-7.891252466825371403e-03
-7.784994099768271711e-03
-7.681327400200370185e-03
-7.580189156719490881e-03
-7.481517699664974423e-03
-7.385252863514226405e-03
-7.291335950196423631e-03
-7.199709693301006332e-03
-7.110318223159136156e-03
-7.023107032776823577e-03
-6.938022944598957499e-03
-6.855014078083965928e-03
-6.774029818069339688e-03
-6.695020783908729040e-03
-6.617938799361791462e-03
-6.542736863218438087e-03
-6.469369120639556492e-03
-6.397790835196745518e-03
-6.327958361594002851e-03
-6.259829119054741500e-03
-6.193361565357900778e-03
-6.128515171507324145e-03
-6.065249044859472027e-03
-6.003516168580242188e-03
-5.943258912439507505e-03
-5.884406888108960516e-03
-5.826876606425397676e-03
-5.770572457525983967e-03
-5.715388607915593798e-03
-5.661211486099693678e-03
-5.607922603661655812e-03
-5.555401525377042828e-03
-5.503528855466313825e-03
-5.452189144551098168e-03
-5.401273642219395557e-03
-5.350682823807140394e-03
-5.300328608939026791e-03
-5.250136166689281167e-03
-5.200045172263965607e-03
-5.150010348220622480e-03
-5.100001095344018111e-03
-5.049999999999997199e-03
-4.999999999999997502e-03
-4.949999999999997805e-03
-4.899999999999998107e-03
-4.849999999999998410e-03
-4.799999999999998712e-03
-4.749999999999999015e-03
-4.699999999999999317e-03
-4.649999999999999620e-03
-4.599999999999999922e-03
-4.550000000000000225e-03
-4.500000000000000527e-03
-4.450000000000000830e-03
-4.400000000000001132e-03
-4.350000000000001435e-03
-4.300000000000001737e-03
-4.250000000000002040e-03
-4.200000000000002343e-03
-4.150000000000002645e-03
-4.100000000000002948e-03
-4.050000000000003250e-03
-4.000000000000003553e-03
-3.950000000000003855e-03
-3.900000000000003724e-03
-3.850000000000003593e-03
-3.800000000000003462e-03
-3.750000000000003331e-03
-3.700000000000003200e-03
-3.650000000000003068e-03
-3.600000000000002937e-03
-3.550000000000002806e-03
-3.500000000000002675e-03
-3.450000000000002544e-03
-3.400000000000002413e-03
-3.350000000000002282e-03
-3.300000000000002150e-03
-3.250000000000002019e-03
-3.200000000000001888e-03
-3.150000000000001757e-03
-3.100000000000001626e-03
-3.050000000000001495e-03
-3.000000000000001363e-03
-2.950000000000001232e-03
-2.900000000000001101e-03
-2.850000000000000970e-03
-2.800000000000000839e-03
-2.750000000000000708e-03
-2.700000000000000577e-03
-2.650000000000000445e-03
-2.600000000000000314e-03
-2.550000000000000183e-03
-2.500000000000000052e-03
-2.449999999999999921e-03
-2.399999999999999790e-03
-2.349999999999999659e-03
-2.299999999999999527e-03
-2.249999999999999396e-03
-2.199999999999999265e-03
-2.149999999999999134e-03
-2.099999999999999003e-03
-2.049999999999998872e-03
-1.999999999999998741e-03
-1.949999999999998609e-03
-1.899999999999998695e-03
-1.849999999999998781e-03
-1.799999999999998867e-03
-1.749999999999998952e-03
-1.699999999999999038e-03
-1.649999999999999124e-03
-1.599999999999999209e-03
-1.549999999999999295e-03
-1.499999999999999381e-03
-1.449999999999999466e-03
-1.399999999999999552e-03
-1.349999999999999638e-03
-1.299999999999999723e-03
-1.249999999999999809e-03
-1.199999999999999895e-03
-1.149999999999999981e-03
-1.100000000000000066e-03
-1.050000000000000152e-03
-1.000000000000000238e-03
-9.500000000000003234e-04
-9.000000000000003006e-04
-8.500000000000002779e-04
-8.000000000000002552e-04
-7.500000000000002325e-04
-7.000000000000002097e-04
-6.500000000000001870e-04
-6.000000000000001643e-04
-5.500000000000001416e-04
-5.000000000000001188e-04
-4.500000000000000961e-04
-4.000000000000000734e-04
-3.500000000000000507e-04
-3.000000000000000279e-04
-2.500000000000000052e-04
-2.000000000000000096e-04
-1.500000000000000140e-04
-1.000000000000000048e-04
-5.000000000000000240e-05
-0.000000000000000000e+00
5.000000000000000240e-05
1.000000000000000048e-04
1.500000000000000140e-04
2.000000000000000096e-04
2.500000000000000052e-04
3.000000000000000279e-04
3.500000000000000507e-04
4.000000000000000734e-04
4.500000000000000961e-04
5.000000000000001188e-04
5.500000000000001416e-04
6.000000000000001643e-04
6.500000000000001870e-04
7.000000000000002097e-04
7.500000000000002325e-04
8.000000000000002552e-04
8.500000000000002779e-04
9.000000000000003006e-04
9.500000000000003234e-04
1.000000000000000238e-03
1.050000000000000152e-03
1.100000000000000066e-03
1.149999999999999981e-03
1.199999999999999895e-03
1.249999999999999809e-03
1.299999999999999723e-03
1.349999999999999638e-03
1.399999999999999552e-03
1.449999999999999466e-03
1.499999999999999381e-03
1.549999999999999295e-03
1.599999999999999209e-03
1.649999999999999124e-03
1.699999999999999038e-03
1.749999999999998952e-03
1.799999999999998867e-03
1.849999999999998781e-03
1.899999999999998695e-03
1.949999999999998609e-03
1.999999999999998741e-03
2.049999999999998872e-03
2.099999999999999003e-03
2.149999999999999134e-03
2.199999999999999265e-03
2.249999999999999396e-03
2.299999999999999527e-03
2.349999999999999659e-03
2.399999999999999790e-03
2.449999999999999921e-03
2.500000000000000052e-03
2.550000000000000183e-03
2.600000000000000314e-03
2.650000000000000445e-03
2.700000000000000577e-03
2.750000000000000708e-03
2.800000000000000839e-03
2.850000000000000970e-03
2.900000000000001101e-03
2.950000000000001232e-03
3.000000000000001363e-03
3.050000000000001495e-03
3.100000000000001626e-03
3.150000000000001757e-03
3.200000000000001888e-03
3.250000000000002019e-03
3.300000000000002150e-03
3.350000000000002282e-03
3.400000000000002413e-03
3.450000000000002544e-03
3.500000000000002675e-03
3.550000000000002806e-03
3.600000000000002937e-03
3.650000000000003068e-03
3.700000000000003200e-03
3.750000000000003331e-03
3.800000000000003462e-03
3.850000000000003593e-03
3.900000000000003724e-03
3.950000000000003855e-03
4.000000000000003553e-03
4.050000000000003250e-03
4.100000000000002948e-03
4.150000000000002645e-03
4.200000000000002343e-03
4.250000000000002040e-03
4.300000000000001737e-03
4.350000000000001435e-03
4.400000000000001132e-03
4.450000000000000830e-03
4.500000000000000527e-03
4.550000000000000225e-03
4.599999999999999922e-03
4.649999999999999620e-03
4.699999999999999317e-03
4.749999999999999015e-03
4.799999999999998712e-03
4.849999999999998410e-03
4.899999999999998107e-03
4.949999999999997805e-03
4.999999999999997502e-03
5.049999999999997199e-03
5.100001095344018111e-03
5.150010348220622480e-03
5.200045172263965607e-03
5.250136166689281167e-03
5.300328608939026791e-03
5.350682823807140394e-03
5.401273642219395557e-03
5.452189144551098168e-03
5.503528855466313825e-03
5.555401525377042828e-03
5.607922603661655812e-03
5.661211486099693678e-03
5.715388607915593798e-03
5.770572457525983967e-03
5.826876606425397676e-03
5.884406888108960516e-03
5.943258912439507505e-03
6.003516168580242188e-03
6.065249044859472027e-03
6.128515171507324145e-03
6.193361565357900778e-03
6.259829119054741500e-03
6.327958361594002851e-03
6.397790835196745518e-03
6.469369120639556492e-03
6.542736863218438087e-03
6.617938799361791462e-03
6.695020783908729040e-03
6.774029818069339688e-03
6.855014078083965928e-03
6.938022944598957499e-03
7.023107032776823577e-03
7.110318223159136156e-03
7.199709693301006332e-03
7.291335950196423631e-03
7.385252863514226405e-03
7.481517699664974423e-03
7.580189156719490881e-03
7.681327400200370185e-03
7.784994099768271711e-03
7.891252466825371403e-03
8.000167293058899065e-03
8.111804989948264225e-03
8.226233629259864163e-03
8.343522984554254882e-03
8.463744573731005888e-03
8.586971702637176407e-03
8.713279509766001102e-03
8.842745012073046501e-03
8.975447151937768903e-03
9.111466845299108844e-03
9.250887030994482327e-03
9.393792721332240234e-03
9.540271053928442782e-03
9.690411344839550481e-03
9.844305143023436219e-03
1.000204628616191936e-02
1.016373095787886406e-02
1.032945774638873229e-02
1.049932770461134771e-02
1.067344441178952850e-02
1.085191403664716343e-02
1.103484540212624002e-02
1.122235005174229347e-02
1.141454231759874739e-02
1.161153939010161305e-02
1.181346138941704975e-02
1.202043143871537288e-02
1.223257573924615461e-02
1.245002364729020511e-02
1.267290775303535691e-02
1.290136396142413724e-02
1.313553157502263778e-02
1.337555337896110044e-02
1.362157572799802506e-02
1.387374863576087275e-02
1.413222586621779193e-02
1.439716502743613319e-02
1.466872766768493284e-02
1.494707937393995219e-02
1.523238987285134745e-02
1.552483313423552724e-02
1.582458747715431019e-02
1.613183567864606358e-02
1.644676508517511210e-02
1.676956772686738831e-02
1.710044043460197047e-02
1.743958496002991770e-02
1.778720809859356267e-02
1.814352181562129893e-02
1.850874337557472868e-02
1.888309547452699313e-02
1.926680637595306472e-02
1.966011004991478905e-02
2.006324631572555667e-02
2.047646098818159399e-02
2.090000602744903138e-02
2.133413969269815427e-02
2.177912669957850558e-02
2.223523838163086672e-02
2.270275285573453844e-02
2.318195519169080274e-02
2.367313758604597251e-02
2.417659954026002075e-02
2.469264804332942098e-02
2.522159775897555439e-02
2.576377121751284235e-02
2.631949901251356277e-02
2.688912000238929956e-02
2.747298151701193028e-02
2.807143956950012773e-02
2.868485907330052889e-02
2.931361406469594130e-02
2.995808793087623850e-02
3.061867364371104183e-02
3.129577399936671334e-02
3.198980186391377906e-02
3.270118042507452055e-02
3.343034345026427850e-02
3.417773555108378353e-02
3.494381245442377409e-02
3.572904128034726234e-02
3.653390082691884005e-02
3.735888186215470530e-02
3.820448742327146874e-02
3.907123312341614918e-02
3.995964746606444490e-02
4.087027216727894680e-02
4.180366248602380985e-02
4.276038756273729119e-02
4.374103076636860765e-02
4.474619005009070755e-02
4.577647831590585942e-02
4.683252378836638696e-02
4.791497039763843030e-02
4.902447817214227593e-02
5.016172364100871667e-02
5.132740024659682154e-02
5.252221876732462991e-02
5.374690775107063279e-02
5.500221395941028851e-02
5.628890282295843234e-02
5.760775890809528149e-02
5.895958639536055118e-02
6.034520956980745504e-02
6.176547332361553150e-02
6.322124367126881472e-02
6.471340827761343228e-02
6.624287699911667049e-02
6.781058243865749346e-02
6.941748051418683563e-02
7.106455104160441794e-02
7.275279833220743564e-02
7.448325180507553434e-02
7.625696661476533134e-02
7.807502429469737049e-02
7.993853341662771061e-02
8.184863026660631202e-02
8.380647953783437742e-02
8.581327504084314273e-02
8.787024043142713237e-02
8.997862995677571862e-02
9.213972922025802370e-02
9.435485596532738883e-02
9.662536087902348636e-02
9.895262841556198841e-02
1.013380776405139461e-01
1.037831630960897034e-01
1.062893756880548546e-01
1.088582435948191318e-01
1.114913331992525153e-01
1.141902500437967372e-01
1.169566398094545601e-01
1.197921893192538251e-01
1.226986275667980714e-01
1.256777267705309342e-01
1.287313034543571266e-01
1.318612195552789634e-01
1.350693835587238323e-01
1.383577516622548353e-01
1.417283289683741176e-01
1.451831707071463695e-01
1.487243834893879346e-01
1.523541265911855513e-01
1.560746132705281009e-01
1.598881121168542196e-01
1.637969484343384796e-01
1.678035056597598496e-01
1.719102268158167468e-01
1.761196160007750533e-01
1.804342399153573140e-01
1.848567294278041229e-01
1.893897811780620999e-01
1.940361592220765374e-01
1.987986967171913311e-01
2.036802976496839834e-01
2.086839386054889500e-01
2.138126705851890463e-01
2.190696208643816423e-01
2.244579949005540420e-01
2.299810782876307580e-01
2.356422387593843926e-01
2.414449282429318722e-01
2.473926849635680325e-01
2.534891356022200837e-01
2.597379975068384583e-01
2.661430809590722979e-01
2.727082914976119987e-01
2.794376322996152129e-01
2.863352066216685032e-01
2.934052203017731286e-01
3.006519843238803502e-01
3.080799174465402301e-01
3.156935488972665849e-01
3.234975211342611123e-01
3.314965926771805127e-01
3.396956410086728884e-01
3.480996655484525637e-01
3.567137907017267073e-01
3.655432689838327143e-01
3.745934842229913797e-01
3.838699548431290243e-01
3.933783372287701363e-01
4.031244291740522789e-01
